#' color palettes
#'
#' @details various color palettes 
#' @examples none
#' @export
cols10 <- c("#5ba2d6",
"#cc5d38",
"#686ec6",
"#75ab3d",
"#ac58c4",
"#54a676",
"#d2417e",
"#b49142",
"#c57bb6",
"#bc5f6a")

#' @export
cols12 <- c("#4bafd0",
"#d35238",
"#6bb645",
"#ac58c4",
"#c2ad44",
"#6975c9",
"#6c7c34",
"#d3427e",
"#53ac7b",
"#c278b2",
"#c17d41",
"#bd5f67")

#' @export
cols16 <- c("#b659c4",
"#5cb545",
"#6b68ca",
"#a9b546",
"#cc478a",
"#61bf82",
"#cd4257",
"#3fbec4",
"#cb572c",
"#6e8ecd",
"#d7a044",
"#bc74a7",
"#6a7f34",
"#d0796b",
"#38845a",
"#976c32")


#' @export
cols20 <- c("#58c39b",
"#c756bf",
"#59b64c",
"#7264d6",
"#a8b439",
"#8e57a3",
"#d49e36",
"#7085cd",
"#d46a31",
"#45aecf",
"#c93d38",
"#3b8353",
"#db467c",
"#9ab168",
"#d886bd",
"#637527",
"#9d4665",
"#d7a16c",
"#d0726a",
"#92662c")

#' @export
cols30 <- c(
"#cbac3d",
"#6466d4",
"#9eba32",
"#af5cd2",
"#5bbd4c",
"#ca49ab",
"#38bf79",
"#de3d7b",
"#3f7e30",
"#c04b89",
"#82a646",
"#8059a6",
"#d78b2f",
"#6884cc",
"#dd592e",
"#4aadd6",
"#d33f4a",
"#58cbb1",
"#aa4d29",
"#3b9e8c",
"#d591d5",
"#79b779",
"#9f5a89",
"#317a50",
"#e27d8d",
"#667535",
"#a04756",
"#7d7421",
"#e28d6b",
"#c4ac6d",
"#966832")


#' @export
col32 <- c("#a15057",
"#64c34e",
"#985ad4",
"#adb93a",
"#566edb",
"#d6a538",
"#7e4ea3",
"#53942f",
"#bd3e9f",
"#4dc381",
"#df4484",
"#438c4f",
"#d779db",
"#91872b",
"#9f94df",
"#e15f32",
"#43c4c6",
"#da434e",
"#5ab18f",
"#b34162",
"#297250",
"#de87b8",
"#5d6e29",
"#5368aa",
"#d78439",
"#50a1d8",
"#a84626",
"#9eb46b",
"#9d5183",
"#d3a36c",
"#e1827a",
"#8f652e")

#' @export
cols40 <- c("#dd785a",
"#5d75e3",
"#9db935",
"#a25dd4",
"#5dc65a",
"#cc51bc",
"#449834",
"#d850a1",
"#5dc896",
"#de4279",
"#51965a",
"#7152b0",
"#d4b03d",
"#5564a8",
"#df8730",
"#7694d9",
"#da4d2e",
"#45c4cc",
"#d73c4e",
"#3fa287",
"#aa3472",
"#728d2e",
"#ce90dc",
"#2e6f34",
"#935497",
"#96b86c",
"#9d547c",
"#536e28",
"#e285ad",
"#277257",
"#a54821",
"#4aa5d4",
"#9f8527",
"#944a5b",
"#b9b068",
"#aa434d",
"#736c2d",
"#df7f81",
"#95632e",
"#d99d6c")